819
-983
-889
-457
690
510
-278
-988
-787
-917
-627
755
-351
223
97
334
-546
-988
765
-299
721
603
419
954
-118
-999
-169
939
-833
-628
802
-154
-923
239
-456
957
645
-570
831
605
218
37
-743
341
458
280
-1000
-898
-445
-416
-93
-46
822
48
-501
-967
-504
-995
-912
95
892
232
-221
-457
-135
816
477
328
-467
-313
393
563
31
987
-53
946
971
-71
-304
994
861
-492
234
-54
964
995
401
246
-481
629
963
630
-634
-171
161
440
-453
624
-473
-376
44
994
-417
820
967
235
125
385
-937
279
-84
-608
-96
339
-157
866
698
-354
-267
-397
254
531
-285
429
501
35
-583
745
96
-807
727
-122
703
402
556
855
-98
-502
-134
434
609
-633
519
-195
980
-501
528
-26
317
-934